0 105.90752919514973 2.7395554383595786 4.730553690592448
1 37.01817347208659 1.5936216354370116 2.542146428426107
2 28.496785418192545 1.334395130475362 2.205019489924113
3 26.063325500488283 1.2789802034695943 2.178953671455383
4 27.21342379252116 1.2878339926401774 2.1912372509638467
5 24.728785514831543 1.2283321777979532 2.0854618112246195
6 23.804316520690918 1.199768602848053 2.024587361017863
7 22.988124275207518 1.1847822507222494 2.0478599071502686
8 23.354227765401205 1.1980937838554382 1.942860770225525
9 22.716956202189127 1.177864420413971 1.9797638138135274
10 21.97654012044271 1.1494515975316366 2.038912073771159
11 21.082904815673828 1.1132454991340637 2.0229821602503457
12 23.19949582417806 1.162770406405131 2.1202407280604043
13 24.50319906870524 1.2038409511248271 2.154143786430359
14 23.155027008056642 1.1725120584170023 2.0116044362386067
15 20.12645543416341 1.1043861389160157 1.8885031779607138
16 21.770096270243325 1.1771198789278665 2.0322227319081625
17 21.223300170898437 1.136867642402649 1.9524284998575847
18 19.90281931559245 1.0981658299763997 1.863852604230245
19 18.956131235758463 1.0897831996281941 1.8863330602645874
20 20.042908477783204 1.0901378989219666 1.9626790046691895
21 20.72009162902832 1.1086870193481446 1.944378670056661
22 21.299465942382813 1.118615174293518 1.9370748360951742
23 20.115562121073406 1.097501269976298 1.8816979010899861
24 20.466337394714355 1.0924821535746256 1.9170530875523886
25 19.766007232666016 1.0871756712595622 1.8644029060999552
26 20.348251660664875 1.1037774324417113 1.8806743383407594
27 20.074961280822755 1.0859235485394796 1.925411331653595
28 19.72638371785482 1.0816773692766826 1.8204288800557455
29 20.76732769012451 1.105197787284851 1.8992207527160645
